,Date,Type,Description,"Cheque/Refer 
ence No",Debit,Credit,Balance,Channel,Category
0,02/01/2022,,UPI  221431332302UPIAmazon  Online,221431332302,200.00,,"7,795.96","11111-Central 
Data Center",Shopping
1,04/01/2022,,CASH  221623368642UPILIC,221623368642,,300.00,"8,095.96","11111-Central 
Data Center",Finance
2,04/01/2022,,NEFT  221677103972UPIdomino's  pizza,221677103972,"8,000.00",,95.96,"11111-Central 
Data Center",Shopping
3,01/05/2022,,UPI  224470169279UPIOLA,224470169279,65.00,,288.60,"11111-Central 
Data Center",Shopping
4,02/05/2022,,CASH  224595013824UPIzomato,224595013824,50.00,,238.60,"11111-Central 
Data Center",Shopping
5,02/05/2022,,UPI  224597295281UPIdmart,224597295281,67.00,,171.60,"11111-Central 
Data Center",Shopping
6,03/05/2022,,CASH 224615244950UPIajio,224615244950,60.00,,111.60,"11111-Central 
Data Center",Shopping
7,03/05/2022,,CASH  224616508685UPItaxi,224616508685,45.00,,66.60,"11111-Central 
Data Center",Shopping
8,03/05/2022,,UPI  224616616447UPIfood,224616616447,35.00,,31.60,"11111-Central 
Data Center",Shopping
9,04/05/2022,,NEFT 224735399763UPIfood,224735399763,31.00,,0.60,"11111-Central 
Data Center",food
10,09/05/2022,,UPI  225227050717UPIEMI,225227050717,,100.00,100.60,"11111-Central 
Data Center",Shopping
11,09/05/2022,,RTGS  225287151162UPILoan,225287151162,,100.00,200.60,"11111-Central 
Data Center",Shopping
12,11/05/2022,,CASH  225406906201UPIfinance,225406906201,,300.00,500.60,"11111-Central 
Data Center",Shopping
13,11/05/2022,,UPI 225400331869UPIswiggy,225400331869,362.00,,138.60,"11111-Central 
Data Center",Shopping
14,11/05/2022,,UPI 225401678312UPImcdonald’s,225401678312,52.00,,86.60,"11111-Central 
Data Center",Shopping
15,01/06/2022,,UPI  227443786080UPIamazon,227443786080,100.00,,"9,248.60","11111-Central 
Data Center",Shopping
16,02/06/2022,,UPI  227589146257UPIamazon,227589146257,"5,000.00",,"64,233.60","11111-Central 
Data Center",Shopping
17,03/06/2022,,UPI  227614257278UPImyntra,227614257278,"5,000.00",,"59,083.60","11111-Central 
Data Center",Shopping
18,03/06/2022,,CASH  227614315268UPILoan,227614315268,"58,000.00",,"1,083.60","11111-Central 
Data Center",Shopping
19,04/06/2022,,UPI  227728246304UPIDMart,227728246304,110.00,,973.60,"11111-Central 
Data Center",Shopping
20,05/06/2022,,CASH 227843101059UPIPravinMart,227843101059,279.00,,694.60,"11111-Central 
Data Center",Shopping
21,07/06/2022,,UPI  228003219376UPIflipkart,228003219376,200.00,,948.35,"11111-Central 
Data Center",Shopping
22,07/06/2022,,UPI  228004033938UPIdominos,228004033938,50.00,,898.35,"11111-Central 
Data Center",Shopping
23,08/06/2022,,NEFT 228131727891UPILIC,228131727891,,70.00,968.35,"11111-Central 
Data Center",Shopping
24,08/06/2022,,UPI  228114869313UPImcdonalds,228114869313,99.00,,869.35,"11111-Central 
Data Center",Shopping
25,08/06/2022,,CASH  228128890359Upi  Transaction,228128890359,358.00,,511.35,"11111-Central 
Data Center",Shopping
26,02/07/2022,,UPI  221431332302UPIAmazon  Online,221431332302,200.00,,"7,795.96","11111-Central 
Data Center",Shopping
27,04/07/2022,,CASH 221623368642UPILIC,221623368642,,300.00,"8,095.96","11111-Central 
Data Center",Finance
28,04/07/2022,,UPI  221677103972UPIdomino's  pizza,221677103972,"8,000.00",,95.96,"11111-Central 
Data Center",Shopping
29,05/07/2022,,CASH  221705398787UPIMyntra,221705398787,177.00,,919.96,"11111-Central 
Data Center",Shopping
30,05/07/2022,,NEFT  221705860761UPILIC,221705860761,500.00,,419.96,"11111-Central 
Data Center",Shopping
31,06/07/2022,,UPI  221825064447UPIZomato,221825064447,65.00,,354.96,"11111-Central 
Data Center",Shopping
32,06/07/2022,,CASH  221825230220UPIFlipkart,221825230220,50.00,,304.96,"11111-Central 
Data Center",Shopping
33,06/07/2022,,RTGS  221826230327UPISpiceJet,221826230327,60.00,,244.96,"11111-Central 
Data Center",Shopping
34,06/07/2022,,NEFT 221827765220iMuthoot Finance,221827765220,109.85,,135.11,"11111-Central 
Data Center",Finance
35,07/07/2022,,UPI  221954608644UPILIC,221954608644,56.00,,79.11,"11111-Central 
Data Center",Finance
36,07/07/2022,,UPI  221954845737UPILICfood,221954845737,56.00,,23.11,"11111-Central 
Data Center",food
37,12/07/2022,,CASH  222459706042UPIpolicy,222459706042,15.00,,8.11,"11111-Central 
Data Center",Finance
38,01/08/2022,,UPI  224470169279UPIOLA,224470169279,65.00,,288.60,"11111-Central 
Data Center",Shopping
39,02/08/2022,,CASH  224595013824UPIzomato,224595013824,50.00,,238.60,"11111-Central 
Data Center",Shopping
40,02/08/2022,,UPI  224597295281UPIdmart,224597295281,67.00,,171.60,"11111-Central 
Data Center",Shopping
41,03/08/2022,,CASH 224615244950UPIajio,224615244950,60.00,,111.60,"11111-Central 
Data Center",Shopping
42,03/08/2022,,CASH  224616508685UPItaxi,224616508685,45.00,,66.60,"11111-Central 
Data Center",Shopping
43,03/08/2022,,UPI  224616616447UPIfood,224616616447,35.00,,31.60,"11111-Central 
Data Center",Shopping
44,04/08/2022,,NEFT 224735399763UPIfood,224735399763,31.00,,0.60,"11111-Central 
Data Center",food
45,09/08/2022,,UPI  225227050717UPIEMI,225227050717,,100.00,100.60,"11111-Central 
Data Center",Shopping
46,09/08/2022,,RTGS  225287151162UPILoan,225287151162,,100.00,200.60,"11111-Central 
Data Center",Shopping
47,11/08/2022,,CASH  225406906201UPIfinance,225406906201,,300.00,500.60,"11111-Central 
Data Center",Shopping
48,15/08/2022,,CASH  225755655690UPIzomato,225755655690,,300.00,"1,034.60","11111-Central 
Data Center",Shopping
49,15/08/2022,,RTGS  225893896048UPIola,225893896048,120.00,,415.60,"11111-Central 
Data Center",Shopping
50,15/08/2022,,NEFT 225897984458UPImomoskitchen,225897984458,200.00,,215.60,"11111-Central 
Data Center",Shopping
51,16/08/2022,,CASH  225905394685NAFlipkart,225905394685,,"1,000.00","1,215.60","11111-Central 
Data Center",Shopping
52,16/08/2022,,UPI 225909325556UPIola,225909325556,209.00,,"1,006.60","11111-Central 
Data Center",Shopping
53,01/09/2022,,UPI  227443786080UPIamazon,227443786080,100.00,,"9,248.60","11111-Central 
Data Center",Shopping
54,02/09/2022,,UPI  227589146257UPIamazon,227589146257,"5,000.00",,"64,233.60","11111-Central 
Data Center",Shopping
55,03/09/2022,,UPI  227614257278UPImyntra,227614257278,"5,000.00",,"59,083.60","11111-Central 
Data Center",Shopping
56,03/09/2022,,CASH  227614315268UPILoan,227614315268,"58,000.00",,"1,083.60","11111-Central 
Data Center",Shopping
57,04/09/2022,,UPI  227728246304UPIDMart,227728246304,110.00,,973.60,"11111-Central 
Data Center",Shopping
58,05/09/2022,,CASH 227843101059UPIPravinMart,227843101059,279.00,,694.60,"11111-Central 
Data Center",Shopping
59,05/09/2022,,NEFT 227860412175UPILIC,227860412175,,280.00,974.60,"11111-Central 
Data Center",food
60,07/09/2022,,UPI  228003219376UPIflipkart,228003219376,200.00,,948.35,"11111-Central 
Data Center",Shopping
61,07/09/2022,,UPI  228004033938UPIdominos,228004033938,50.00,,898.35,"11111-Central 
Data Center",Shopping
62,08/09/2022,,NEFT 228131727891UPILIC,228131727891,,70.00,968.35,"11111-Central 
Data Center",Shopping
63,08/09/2022,,UPI  228114869313UPImcdonalds,228114869313,99.00,,869.35,"11111-Central 
Data Center",Shopping
64,05/01/2022,,NEFT 221705398787UPIMyntra,221705398787,177.00,,919.96,"11111-Central 
Data Center",Shopping
65,05/01/2022,,CASH  221705860761UPILIC,221705860761,500.00,,419.96,"11111-Central 
Data Center",Shopping
66,06/01/2022,,UPI  221825064447UPIZomato,221825064447,65.00,,354.96,"11111-Central 
Data Center",Shopping
67,06/01/2022,,CASH  221825230220UPIFlipkart,221825230220,50.00,,304.96,"11111-Central 
Data Center",Shopping
68,06/01/2022,,UPI  221826230327UPISpiceJet,221826230327,60.00,,244.96,"11111-Central 
Data Center",Shopping
69,06/01/2022,,UPI 221827765220iMuthoot  Finance,221827765220,109.85,,135.11,"11111-Central 
Data Center",Finance
70,07/01/2022,,NEFT 221954608644UPILIC,221954608644,56.00,,79.11,"11111-Central 
Data Center",food
71,07/01/2022,,UPI  221954845737UPILICfood,221954845737,56.00,,23.11,"11111-Central 
Data Center",food
72,12/01/2022,,CASH222459706042UPIpolicy,222459706042,15.00,,8.11,"11111-Central 
Data Center",Finance
73,13/01/2022,,CASH222570448683UPIpolicy,222570448683,500.00,,508.11,"11111-Central 
Data Center",Finance
74,13/01/2022,,UPI 222576284774UPImetropolitan,222576284774,230.00,,278.11,"11111-Central 
Data Center",Shopping
75,13/01/2022,,UPI  222581744281UPIZomato,222581744281,104.00,,174.11,"11111-Central 
Data Center",Shopping
76,02/10/2022,,UPI  221431332302UPIAmazon  Online,221431332302,200.00,,"7,795.96","11111-Central 
Data Center",Shopping
77,04/10/2022,,CASH 221623368642UPILIC,221623368642,,300.00,"8,095.96","11111-Central 
Data Center",Finance
78,04/10/2022,,UPI  221677103972UPIdomino's  pizza,221677103972,"8,000.00",,95.96,"11111-Central 
Data Center",Shopping
79,05/10/2022,,CASH  221705398787UPIMyntra,221705398787,177.00,,919.96,"11111-Central 
Data Center",Shopping
80,05/10/2022,,NEFT  221705860761UPILIC,221705860761,500.00,,419.96,"11111-Central 
Data Center",Shopping
81,06/10/2022,,UPI  221825064447UPIZomato,221825064447,65.00,,354.96,"11111-Central 
Data Center",Shopping
82,06/10/2022,,CASH  221825230220UPIFlipkart,221825230220,50.00,,304.96,"11111-Central 
Data Center",Shopping
83,06/10/2022,,RTGS  221826230327UPISpiceJet,221826230327,60.00,,244.96,"11111-Central 
Data Center",Shopping
84,06/10/2022,,NEFT 221827765220iMuthoot Finance,221827765220,109.85,,135.11,"11111-Central 
Data Center",Finance
85,07/10/2022,,UPI  221954608644UPILIC,221954608644,56.00,,79.11,"11111-Central 
Data Center",Finance
86,07/10/2022,,UPI  221954845737UPILICfood,221954845737,56.00,,23.11,"11111-Central 
Data Center",food
87,12/10/2022,,CASH  222459706042UPIpolicy,222459706042,15.00,,8.11,"11111-Central 
Data Center",Finance
88,01/11/2022,,UPI  224470169279UPIOLA,224470169279,65.00,,288.60,"11111-Central 
Data Center",Shopping
89,02/11/2022,,CASH  224595013824UPIzomato,224595013824,50.00,,238.60,"11111-Central 
Data Center",Shopping
90,02/11/2022,,UPI  224597295281UPIdmart,224597295281,67.00,,171.60,"11111-Central 
Data Center",Shopping
91,03/11/2022,,CASH 224615244950UPIajio,224615244950,60.00,,111.60,"11111-Central 
Data Center",Shopping
92,03/11/2022,,CASH  224616508685UPItaxi,224616508685,45.00,,66.60,"11111-Central 
Data Center",Shopping
93,03/11/2022,,UPI  224616616447UPIfood,224616616447,35.00,,31.60,"11111-Central 
Data Center",Shopping
94,04/11/2022,,NEFT 224735399763UPIfood,224735399763,31.00,,0.60,"11111-Central 
Data Center",food
95,09/11/2022,,UPI  225227050717UPIEMI,225227050717,,100.00,100.60,"11111-Central 
Data Center",Shopping
96,09/11/2022,,RTGS  225287151162UPILoan,225287151162,,100.00,200.60,"11111-Central 
Data Center",Shopping
97,11/11/2022,,CASH  225406906201UPIfinance,225406906201,,300.00,500.60,"11111-Central 
Data Center",Shopping
98,15/11/2022,,CASH  225755655690UPIzomato,225755655690,,300.00,"1,034.60","11111-Central 
Data Center",Shopping
99,15/11/2022,,RTGS  225893896048UPIola,225893896048,120.00,,415.60,"11111-Central 
Data Center",Shopping
100,01/12/2022,,UPI  227443786080UPIamazon,227443786080,100.00,,"9,248.60","11111-Central 
Data Center",Shopping
101,02/12/2022,,UPI  227589146257UPIamazon,227589146257,"5,000.00",,"64,233.60","11111-Central 
Data Center",Shopping
102,03/12/2022,,UPI  227614257278UPImyntra,227614257278,"5,000.00",,"59,083.60","11111-Central 
Data Center",Shopping
103,03/12/2022,,CASH  227614315268UPILoan,227614315268,"58,000.00",,"1,083.60","11111-Central 
Data Center",Shopping
104,04/12/2022,,UPI  227728246304UPIDMart,227728246304,110.00,,973.60,"11111-Central 
Data Center",Shopping
105,05/12/2022,,CASH 227843101059UPIPravinMart,227843101059,279.00,,694.60,"11111-Central 
Data Center",Shopping
106,05/12/2022,,NEFT 227860412175UPILIC,227860412175,,280.00,974.60,"11111-Central 
Data Center",food
107,07/12/2022,,UPI  228003219376UPIflipkart,228003219376,200.00,,948.35,"11111-Central 
Data Center",Shopping
108,07/12/2022,,UPI  228004033938UPIdominos,228004033938,50.00,,898.35,"11111-Central 
Data Center",Shopping
109,08/12/2022,,NEFT 228131727891UPILIC,228131727891,,70.00,968.35,"11111-Central 
Data Center",Shopping
110,19/12/2022,,RTGS  229226902627UPILIC,229226902627,,360.00,402.65,"11111-Central 
Data Center",Finance
111,20/12/2022,,NEFT  229288648465UPImovie,229288648465,360.00,,42.65,"11111-Central 
Data Center",Shopping
112,25/12/2022,,UPI  229811012660UPIajio,229811012660,630.00,,660.65,"11111-Central 
Data Center",Shopping
113,25/12/2022,,CASH  229811686398UPIamazon,229811686398,199.00,,461.65,"11111-Central 
Data Center",Shopping
114,26/12/2022,,UPI  229935204256UPIshop,229935204256,25.00,,436.65,"11111-Central 
Data Center",Shopping
115,29/12/2022,,NEFT 230271287933UPIshop,230271287933,25.00,,411.65,"11111-Central 
Data Center",food
116,31/12/2022,,UPI  230433576282UPIblinkit,230433576282,210.00,,201.65,"11111-Central 
Data Center",Shopping
117,31/12/2022,,CASH  230433588947UPIgrocery,230433588947,55.00,,146.65,"11111-Central 
Data Center",Shopping
118,01/02/2022,,RTGS  224470169279UPIOLA,224470169279,65.00,,288.60,"11111-Central 
Data Center",Shopping
119,02/02/2022,,CASH  224595013824UPIzomato,224595013824,50.00,,238.60,"11111-Central 
Data Center",Shopping
120,02/02/2022,,UPI  224597295281UPIdmart,224597295281,67.00,,171.60,"11111-Central 
Data Center",Shopping
121,03/02/2022,,RTGS  224615244950UPIajio,224615244950,60.00,,111.60,"11111-Central 
Data Center",Shopping
122,03/02/2022,,UPI  224616508685UPItaxi,224616508685,45.00,,66.60,"11111-Central 
Data Center",Shopping
123,03/02/2022,,UPI  224616616447UPIfood,224616616447,35.00,,31.60,"11111-Central 
Data Center",Shopping
124,04/02/2022,,UPI  224735399763UPIfood,224735399763,31.00,,0.60,"11111-Central 
Data Center",Shopping
125,09/02/2022,,RTGS  225227050717UPIEMI,225227050717,,100.00,100.60,"11111-Central 
Data Center",Shopping
126,09/02/2022,,UPI  225287151162UPILoan,225287151162,,100.00,200.60,"11111-Central 
Data Center",Shopping
127,11/02/2022,,UPI  225406906201UPIfinance,225406906201,,300.00,500.60,"11111-Central 
Data Center",Shopping
128,15/02/2022,,UPI  225755655690UPIzomato,225755655690,,300.00,"1,034.60","11111-Central 
Data Center",Shopping
129,15/02/2022,,UPI 225893896048UPIola,225893896048,120.00,,415.60,"11111-Central 
Data Center",Shopping
130,15/02/2022,,RTGS 225897984458UPImomoskitchen,225897984458,200.00,,215.60,"11111-Central 
Data Center",Shopping
131,16/02/2022,,UPI  225905394685NAFlipkart,225905394685,,"1,000.00","1,215.60","11111-Central 
Data Center",Shopping
132,16/02/2022,,CASH  225909325556UPIola,225909325556,209.00,,"1,006.60","11111-Central 
Data Center",Shopping
133,16/02/2022,,RTGS  225923672900UPIamazon,225923672900,20.00,,986.60,"11111-Central 
Data Center",Shopping
134,16/02/2022,,UPI  225923718186UPIPizza,225923718186,335.00,,651.60,"11111-Central 
Data Center",Shopping
135,01/03/2022,,NEFT 227443786080UPIamazon,227443786080,100.00,,"9,248.60","11111-Central 
Data Center",Shopping
136,01/03/2022,,UPI  227454209689UPI@icrecreamstore,227454209689,15.00,,"9,233.60","11111-Central 
Data Center",Shopping
137,02/03/2022,,UPI  227589146257UPIamazon,227589146257,"5,000.00",,"64,233.60","11111-Central 
Data Center",Shopping
138,03/03/2022,,UPI  227614257278UPImyntra,227614257278,"5,000.00",,"59,083.60","11111-Central 
Data Center",Shopping
139,03/03/2022,,RTGS  227614315268UPILoan,227614315268,"58,000.00",,"1,083.60","11111-Central 
Data Center",Shopping
140,04/03/2022,,CASH  227728246304UPIDMart,227728246304,110.00,,973.60,"11111-Central 
Data Center",Shopping
141,05/03/2022,,RTGS  227843101059UPIPravinMart,227843101059,279.00,,694.60,"11111-Central 
Data Center",Shopping
142,05/03/2022,,NEFT 227860412175UPILIC,227860412175,,280.00,974.60,"11111-Central 
Data Center",food
143,02/04/2022,,UPI  221431332302UPIAmazon  Online,221431332302,200.00,,"7,795.96","11111-Central 
Data Center",Shopping
144,04/04/2022,,CASH 221623368642UPILIC,221623368642,,300.00,"8,095.96","11111-Central 
Data Center",Finance
145,04/04/2022,,UPI  221677103972UPIdomino's  pizza,221677103972,"8,000.00",,95.96,"11111-Central 
Data Center",Shopping
146,05/04/2022,,CASH  221705398787UPIMyntra,221705398787,177.00,,919.96,"11111-Central 
Data Center",Shopping
147,05/04/2022,,NEFT  221705860761UPILIC,221705860761,500.00,,419.96,"11111-Central 
Data Center",Shopping
148,06/04/2022,,UPI  221825064447UPIZomato,221825064447,65.00,,354.96,"11111-Central 
Data Center",Shopping
149,06/04/2022,,CASH  221825230220UPIFlipkart,221825230220,50.00,,304.96,"11111-Central 
Data Center",Shopping
150,06/04/2022,,RTGS  221826230327UPISpiceJet,221826230327,60.00,,244.96,"11111-Central 
Data Center",Shopping
151,06/04/2022,,NEFT 221827765220iMuthoot Finance,221827765220,109.85,,135.11,"11111-Central 
Data Center",Finance
152,07/04/2022,,UPI  221954608644UPILIC,221954608644,56.00,,79.11,"11111-Central 
Data Center",Finance
153,07/04/2022,,UPI  221954845737UPILICfood,221954845737,56.00,,23.11,"11111-Central 
Data Center",food
154,12/04/2022,,CASH  222459706042UPIpolicy,222459706042,15.00,,8.11,"11111-Central 
Data Center",Finance
155,13/04/2022,,UPI  222570448683UPIpolicy,222570448683,500.00,,508.11,"11111-Central 
Data Center",Finance
156,13/04/2022,,CASH 222576284774UPImetropolitan,222576284774,230.00,,278.11,"11111-Central 
Data Center",Travel
157,13/04/2022,,CASH  222581744281UPIZomato,222581744281,104.00,,174.11,"11111-Central 
Data Center",Shopping
